-1.009255647659301758e-04
-1.024007797241210938e-04
-1.183003187179565430e-04
-1.235455274581909180e-04
-1.416653394699096680e-04
-1.637786626815795898e-04
-1.768171787261962891e-04
-1.952499151229858398e-04
-2.178251743316650391e-04
-2.302825450897216797e-04
-2.441108226776123047e-04
-2.556294202804565430e-04
-2.576112747192382812e-04
-2.703517675399780273e-04
-2.808421850204467773e-04
-2.875775098800659180e-04
-2.969205379486083984e-04
-3.016740083694458008e-04
-3.075301647186279297e-04
-3.038942813873291016e-04
-3.068894147872924805e-04
-3.096014261245727539e-04
-3.128498792648315430e-04
-3.272891044616699219e-04
-3.371238708496093750e-04
-3.347843885421752930e-04
-3.395825624465942383e-04
-3.415346145629882812e-04
-3.367215394973754883e-04
-3.389418125152587891e-04
-3.439635038375854492e-04
-3.410726785659790039e-04
-3.497600555419921875e-04
-3.479421138763427734e-04
-3.452450037002563477e-04
-3.510117530822753906e-04
-3.526955842971801758e-04
-3.457218408584594727e-04
-3.458708524703979492e-04
-3.483146429061889648e-04
-3.404170274734497070e-04
-3.391802310943603516e-04
-3.316998481750488281e-04
-3.319978713989257812e-04
-3.384053707122802734e-04
-3.422647714614868164e-04
-3.485977649688720703e-04
-3.585219383239746094e-04
-3.635138273239135742e-04
-3.664344549179077148e-04
-3.722459077835083008e-04
-3.729015588760375977e-04
-3.703236579895019531e-04
-3.786534070968627930e-04
-3.786981105804443359e-04
-3.812015056610107422e-04
-3.849864006042480469e-04
-3.862828016281127930e-04
-3.947317600250244141e-04
-4.074573516845703125e-04
-4.132539033889770508e-04
-4.118084907531738281e-04
-4.091411828994750977e-04
-4.038363695144653320e-04
-4.089176654815673828e-04
-4.148632287979125977e-04
-4.207342863082885742e-04
-4.291683435440063477e-04
-4.342198371887207031e-04
-4.387795925140380859e-04
-4.465281963348388672e-04
-4.471540451049804688e-04
-4.540234804153442383e-04
-4.616677761077880859e-04
-4.658252000808715820e-04
-4.700273275375366211e-04
-4.759877920150756836e-04
-4.768520593643188477e-04
-4.745572805404663086e-04
-4.746764898300170898e-04
-4.729628562927246094e-04
-4.756897687911987305e-04
-4.835128784179687500e-04
-4.807263612747192383e-04
-4.803389310836791992e-04
-4.837810993194580078e-04
-4.903078079223632812e-04
-4.997104406356811523e-04
-5.088746547698974609e-04
-5.126744508743286133e-04
-5.128532648086547852e-04
-5.136132240295410156e-04
-5.113035440444946289e-04
-5.185157060623168945e-04
-5.254745483398437500e-04
-5.261898040771484375e-04
-5.277991294860839844e-04
-5.242526531219482422e-04
-5.252063274383544922e-04
-5.317479372024536133e-04
-5.281567573547363281e-04
-5.283206701278686523e-04
-5.275160074234008789e-04
-5.267709493637084961e-04
-5.249530076980590820e-04
-5.267262458801269531e-04
-5.288273096084594727e-04
-5.256235599517822266e-04
-5.285292863845825195e-04
-5.345195531845092773e-04
-5.389004945755004883e-04
-5.435049533843994141e-04
-5.429387092590332031e-04
-5.411952733993530273e-04
-5.415081977844238281e-04
-5.464702844619750977e-04
-5.467385053634643555e-04
-5.523115396499633789e-04
-5.535036325454711914e-04
-5.653798580169677734e-04
-5.705505609512329102e-04
-5.692094564437866211e-04
-5.669444799423217773e-04
-5.731135606765747070e-04
-5.726218223571777344e-04
-5.662590265274047852e-04
-5.691349506378173828e-04
-5.763322114944458008e-04
-5.763918161392211914e-04
-5.772411823272705078e-04
-5.798041820526123047e-04
-5.810260772705078125e-04
-5.817711353302001953e-04
-5.813986063003540039e-04
-5.842298269271850586e-04
-5.882233381271362305e-04
-5.933642387390136719e-04
-5.919635295867919922e-04
-5.938857793807983398e-04
-6.006062030792236328e-04
-6.065517663955688477e-04
-6.052702665328979492e-04
-6.074011325836181641e-04
-6.089806556701660156e-04
-6.147772073745727539e-04
-6.160587072372436523e-04
-6.183087825775146484e-04
-6.130635738372802734e-04
-6.150007247924804688e-04
-6.136596202850341797e-04
-6.171762943267822266e-04
-6.171166896820068359e-04
-6.165951490402221680e-04
-6.204396486282348633e-04
-6.320029497146606445e-04
-6.282925605773925781e-04
-6.297677755355834961e-04
-6.319284439086914062e-04
-6.271302700042724609e-04
-6.200671195983886719e-04
-6.245374679565429688e-04
-6.264001131057739258e-04
-6.301254034042358398e-04
-6.344765424728393555e-04
-6.373673677444458008e-04
-6.423890590667724609e-04
-6.392747163772583008e-04
-6.361156702041625977e-04
-6.432384252548217773e-04
-6.490200757980346680e-04
-6.507486104965209961e-04
-6.575882434844970703e-04
-6.671100854873657227e-04
-6.758272647857666016e-04
-6.766468286514282227e-04
-6.781220436096191406e-04
-6.787478923797607422e-04
-6.760060787200927734e-04
-6.806552410125732422e-04
-6.765872240066528320e-04
-6.769895553588867188e-04
-6.745159626007080078e-04
-6.693303585052490234e-04
-6.684660911560058594e-04
-6.677359342575073242e-04
-6.714165210723876953e-04
-6.703138351440429688e-04
-6.662309169769287109e-04
-6.652474403381347656e-04
-6.634145975112915039e-04
-6.655007600784301758e-04
-6.695389747619628906e-04
-6.687492132186889648e-04
-6.701946258544921875e-04
-6.753802299499511719e-04
-6.770938634872436523e-04
-6.760358810424804688e-04
-6.800889968872070312e-04
-6.817579269409179688e-04
-6.801486015319824219e-04
-6.841272115707397461e-04
-6.833821535110473633e-04
-6.846338510513305664e-04
-6.814301013946533203e-04
-6.763935089111328125e-04
-6.804764270782470703e-04
-6.844103336334228516e-04
-6.837844848632812500e-04
-6.780028343200683594e-04
-6.765276193618774414e-04
-6.745010614395141602e-04
-6.706714630126953125e-04
-6.720870733261108398e-04
-6.741434335708618164e-04
-6.725192070007324219e-04
-6.751120090484619141e-04
-6.751269102096557617e-04
-6.780773401260375977e-04
-6.818175315856933594e-04
-6.835013628005981445e-04
-6.793588399887084961e-04
-6.814301013946533203e-04
-6.843954324722290039e-04
-6.864368915557861328e-04
-6.878077983856201172e-04
-6.881505250930786133e-04
-6.823986768722534180e-04
-6.784498691558837891e-04
-6.776601076126098633e-04
-6.767660379409790039e-04
-6.744414567947387695e-04
-6.751418113708496094e-04
-6.762295961380004883e-04
-6.795376539230346680e-04
-6.842166185379028320e-04
-6.901621818542480469e-04
-6.936788558959960938e-04
-6.934553384780883789e-04
-6.927549839019775391e-04
-6.942003965377807617e-04
-6.972998380661010742e-04
-6.928741931915283203e-04
-6.929636001586914062e-04
-6.927698850631713867e-04
-6.943643093109130859e-04
-6.913095712661743164e-04
-6.871968507766723633e-04
-6.890296936035156250e-04
-6.882995367050170898e-04
-6.926804780960083008e-04
-6.914287805557250977e-04
-6.929188966751098633e-04
-6.915777921676635742e-04
-6.866008043289184570e-04
-6.910562515258789062e-04
-6.939768791198730469e-04
-6.959736347198486328e-04
-6.998181343078613281e-04
-7.032006978988647461e-04
-7.035434246063232422e-04
-7.010698318481445312e-04
-7.004439830780029297e-04
-6.999522447586059570e-04
-7.013976573944091797e-04
-7.005333900451660156e-04
-7.057785987854003906e-04
-7.031410932540893555e-04
-7.058233022689819336e-04
-7.047355175018310547e-04
-7.018744945526123047e-04
-7.011145353317260742e-04
-7.039606571197509766e-04
-7.026046514511108398e-04
-7.030069828033447266e-04
-7.043629884719848633e-04
-6.998777389526367188e-04
-6.981939077377319336e-04
-6.938427686691284180e-04
-6.915479898452758789e-04
-6.884187459945678711e-04
-6.887167692184448242e-04
-6.868243217468261719e-04
-6.888955831527709961e-04
-6.893426179885864258e-04
-6.871223449707031250e-04
-6.859302520751953125e-04
-6.833672523498535156e-04
-6.825029850006103516e-04
-6.799548864364624023e-04
-6.783008575439453125e-04
-6.795972585678100586e-04
-6.766319274902343750e-04
-6.762295961380004883e-04
-6.780922412872314453e-04
-6.767809391021728516e-04
-6.793439388275146484e-04
-6.793737411499023438e-04
-6.807893514633178711e-04
-6.796419620513916016e-04
-6.751716136932373047e-04
-6.698668003082275391e-04
-6.717145442962646484e-04
-6.728023290634155273e-04
-6.713569164276123047e-04
-6.667822599411010742e-04
-6.695687770843505859e-04
-6.693899631500244141e-04
-6.615072488784790039e-04
-6.603896617889404297e-04
-6.614476442337036133e-04
-6.614625453948974609e-04
-6.674528121948242188e-04
-6.600916385650634766e-04
-6.616860628128051758e-04
-6.663799285888671875e-04
-6.630122661590576172e-04
-6.579011678695678711e-04
-6.601810455322265625e-04
-6.616860628128051758e-04
-6.599277257919311523e-04
-6.588846445083618164e-04
-6.534010171890258789e-04
-6.469339132308959961e-04
-6.418377161026000977e-04
-6.376057863235473633e-04
-6.373375654220581055e-04
-6.371736526489257812e-04
-6.327778100967407227e-04
-6.334334611892700195e-04
-6.324648857116699219e-04
-6.322264671325683594e-04
-6.325989961624145508e-04
-6.310790777206420898e-04
-6.310045719146728516e-04
-6.309449672698974609e-04
-6.330907344818115234e-04
-6.299167871475219727e-04
-6.271153688430786133e-04
-6.272643804550170898e-04
-6.249248981475830078e-04
-6.211400032043457031e-04
-6.192624568939208984e-04
-6.113946437835693359e-04
-6.105899810791015625e-04
-6.107389926910400391e-04
-6.106346845626831055e-04
-6.107836961746215820e-04
-6.124973297119140625e-04
-6.088763475418090820e-04
-6.045699119567871094e-04
-6.003528833389282227e-04
-5.989670753479003906e-04
-6.036609411239624023e-04
-6.031990051269531250e-04
-6.030052900314331055e-04
-5.986392498016357422e-04
-5.936026573181152344e-04
-5.944371223449707031e-04
-5.922466516494750977e-04
-5.899369716644287109e-04
-5.920380353927612305e-04
-5.908906459808349609e-04
-5.893707275390625000e-04
-5.863010883331298828e-04
-5.859136581420898438e-04
-5.826801061630249023e-04
-5.784481763839721680e-04
-5.773305892944335938e-04
-5.741119384765625000e-04
-5.712509155273437500e-04
-5.670040845870971680e-04
-5.617141723632812500e-04
-5.561411380767822266e-04
-5.542635917663574219e-04
-5.492568016052246094e-04
-5.479305982589721680e-04
-5.474835634231567383e-04
-5.513429641723632812e-04
-5.511641502380371094e-04
-5.498081445693969727e-04
-5.494952201843261719e-04
-5.498975515365600586e-04
-5.440860986709594727e-04
-5.413293838500976562e-04
-5.423277616500854492e-04
-5.456954240798950195e-04
-5.445480346679687500e-04
-5.436986684799194336e-04
-5.429387092590332031e-04
-5.389153957366943359e-04
-5.358755588531494141e-04
-5.327165126800537109e-04
-5.319863557815551758e-04
-5.316287279129028320e-04
-5.300790071487426758e-04
-5.294680595397949219e-04
-5.275011062622070312e-04
-5.259662866592407227e-04
-5.209147930145263672e-04
-5.172640085220336914e-04
-5.144029855728149414e-04
-5.119144916534423828e-04
-5.075037479400634766e-04
-5.003958940505981445e-04
-4.990547895431518555e-04
-4.981607198715209961e-04
-4.906505346298217773e-04
-4.911273717880249023e-04
-4.881024360656738281e-04
-4.866868257522583008e-04
-4.839897155761718750e-04
-4.826337099075317383e-04
-4.813671112060546875e-04
-4.872083663940429688e-04
-4.894137382507324219e-04
-4.875808954238891602e-04
-4.858076572418212891e-04
-4.889518022537231445e-04
-4.880726337432861328e-04
-4.877448081970214844e-04
-4.886686801910400391e-04
-4.865676164627075195e-04
-4.854202270507812500e-04
-4.845857620239257812e-04
-4.816055297851562500e-04
-4.736930131912231445e-04
-4.745423793792724609e-04
-4.692524671554565430e-04
-4.657953977584838867e-04
-4.661381244659423828e-04
-4.678368568420410156e-04
-4.677176475524902344e-04
-4.662275314331054688e-04
-4.636049270629882812e-04
-4.629343748092651367e-04
-4.583299160003662109e-04
-4.552900791168212891e-04
-4.544407129287719727e-04
-4.522353410720825195e-04
-4.500299692153930664e-04
-4.488080739974975586e-04
-4.443675279617309570e-04
-4.415363073348999023e-04
-4.365742206573486328e-04
-4.339814186096191406e-04
-4.322379827499389648e-04
-4.301965236663818359e-04
-4.295408725738525391e-04
-4.309415817260742188e-04
-4.284977912902832031e-04
-4.295110702514648438e-04
-4.277974367141723633e-04
-4.239231348037719727e-04
-4.239976406097412109e-04
-4.218369722366333008e-04
-4.214197397232055664e-04
-4.200935363769531250e-04
-4.181712865829467773e-04
-4.199892282485961914e-04
-4.231333732604980469e-04
-4.232674837112426758e-04
-4.219710826873779297e-04
-4.208236932754516602e-04
-4.152059555053710938e-04
-4.123896360397338867e-04
-4.070550203323364258e-04
-4.122108221054077148e-04
-4.116743803024291992e-04
-4.141032695770263672e-04
-4.145205020904541016e-04
-4.114657640457153320e-04
-4.053115844726562500e-04
-3.993213176727294922e-04
-4.001706838607788086e-04
-3.948807716369628906e-04
-3.922730684280395508e-04
-3.887265920639038086e-04
-3.850460052490234375e-04
-3.830045461654663086e-04
-3.774017095565795898e-04
-3.762692213058471680e-04
-3.756284713745117188e-04
-3.713816404342651367e-04
-3.695487976074218750e-04
-3.676116466522216797e-04
-3.667622804641723633e-04
-3.626197576522827148e-04
-3.608316183090209961e-04
-3.588795661926269531e-04
-3.556907176971435547e-04
-3.482252359390258789e-04
-3.433972597122192383e-04
-3.413110971450805664e-04
-3.411024808883666992e-04
-3.375113010406494141e-04
-3.334581851959228516e-04
-3.276318311691284180e-04
-3.268122673034667969e-04
-3.236085176467895508e-04
-3.225207328796386719e-04
-3.203898668289184570e-04
-3.179162740707397461e-04
-3.188252449035644531e-04
-3.177523612976074219e-04
-3.159046173095703125e-04
-3.146380186080932617e-04
-3.126859664916992188e-04
-3.092437982559204102e-04
-3.056228160858154297e-04
-3.021061420440673828e-04
-3.006607294082641602e-04
-2.942383289337158203e-04
-2.921223640441894531e-04
-2.862662076950073242e-04
-2.812296152114868164e-04
-2.788752317428588867e-04
-2.783387899398803711e-04
-2.786964178085327148e-04
-2.734065055847167969e-04
-2.669543027877807617e-04
-2.632737159729003906e-04
-2.613812685012817383e-04
-2.618879079818725586e-04
-2.586394548416137695e-04
-2.549737691879272461e-04
-2.507418394088745117e-04
-2.532601356506347656e-04
-2.529621124267578125e-04
-2.530366182327270508e-04
-2.513825893402099609e-04
-2.454072237014770508e-04
-2.448707818984985352e-04
-2.435743808746337891e-04
-2.396702766418457031e-04
-2.359449863433837891e-04
-2.342164516448974609e-04
-2.261102199554443359e-04
-2.223253250122070312e-04
-2.213418483734130859e-04
-2.226382493972778320e-04
-2.175718545913696289e-04
-2.107322216033935547e-04
-2.085268497467041016e-04
-2.106726169586181641e-04
-2.085268497467041016e-04
-2.067834138870239258e-04
-2.039670944213867188e-04
-1.984685659408569336e-04
-1.976341009140014648e-04
-1.929700374603271484e-04
-1.886785030364990234e-04
-1.869797706604003906e-04
-1.819878816604614258e-04
-1.800656318664550781e-04
-1.833438873291015625e-04
-1.820027828216552734e-04
-1.798868179321289062e-04
-1.798868179321289062e-04
-1.761615276336669922e-04
-1.747608184814453125e-04
-1.698285341262817383e-04
-1.691132783889770508e-04
-1.672506332397460938e-04
-1.604408025741577148e-04
-1.517683267593383789e-04
-1.483708620071411133e-04
-1.461505889892578125e-04
-1.405775547027587891e-04
-1.329928636550903320e-04
-1.269727945327758789e-04
-1.228451728820800781e-04
-1.182556152343750000e-04
-1.160651445388793945e-04
-1.133382320404052734e-04
-1.111030578613281250e-04
-1.101195812225341797e-04
-1.077204942703247070e-04
-1.052469015121459961e-04
-1.048743724822998047e-04
-1.027733087539672852e-04
-1.008957624435424805e-04
-9.554624557495117188e-05
-9.527802467346191406e-05
-9.396672248840332031e-05
-9.173154830932617188e-05
-9.292364120483398438e-05
-9.098649024963378906e-05
-8.440017700195312500e-05
-8.103251457214355469e-05
-8.149445056915283203e-05
-8.273124694824218750e-05
-7.650256156921386719e-05
-7.420778274536132812e-05
-6.888806819915771484e-05
-6.446242332458496094e-05
-6.450712680816650391e-05
-6.021559238433837891e-05
-6.012618541717529297e-05
-5.638599395751953125e-05
-5.693733692169189453e-05
-5.130469799041748047e-05
-5.181133747100830078e-05
-4.932284355163574219e-05
-4.497170448303222656e-05
-4.145503044128417969e-05
-4.294514656066894531e-05
-3.913044929504394531e-05
-3.664195537567138672e-05
-3.223121166229248047e-05
-3.185868263244628906e-05
-3.188848495483398438e-05
-2.694129943847656250e-05
-2.588331699371337891e-05
-2.422928810119628906e-05
-2.279877662658691406e-05
-2.756714820861816406e-05
-2.366304397583007812e-05
-2.513825893402099609e-05
-2.256035804748535156e-05
-1.421570777893066406e-05
-5.155801773071289062e-06
-3.725290298461914062e-07
2.995133399963378906e-06
7.301568984985351562e-06
1.323223114013671875e-05
1.671910285949707031e-05
1.692771911621093750e-05
1.576542854309082031e-05
1.236796379089355469e-05
1.090764999389648438e-05
1.168251037597656250e-05
1.130998134613037109e-05
1.226365566253662109e-05
1.080334186553955078e-05
1.008808612823486328e-05
1.563131809234619141e-05
1.583993434906005859e-05
2.075731754302978516e-05
2.248585224151611328e-05
2.302229404449462891e-05
2.530217170715332031e-05
2.382695674896240234e-05
2.501904964447021484e-05
2.743303775787353516e-05
2.931058406829833984e-05
3.053247928619384766e-05
2.840161323547363281e-05
2.992153167724609375e-05
3.163516521453857422e-05
2.962350845336914062e-05
2.729892730712890625e-05
2.662837505340576172e-05
3.041326999664306641e-05
2.995133399963378906e-05
2.898275852203369141e-05
3.118813037872314453e-05
3.248453140258789062e-05
3.321468830108642578e-05
3.561377525329589844e-05
3.999471664428710938e-05
3.963708877563476562e-05
3.941357135772705078e-05
4.100799560546875000e-05
4.263222217559814453e-05
4.293024539947509766e-05
4.771351814270019531e-05
4.695355892181396484e-05
4.665553569793701172e-05
4.681944847106933594e-05
4.929304122924804688e-05
5.191564559936523438e-05
5.328655242919921875e-05
5.432963371276855469e-05
5.227327346801757812e-05
5.403161048889160156e-05
5.619227886199951172e-05
5.625188350677490234e-05
5.756318569183349609e-05
5.796551704406738281e-05
6.072223186492919922e-05
6.383657455444335938e-05
6.419420242309570312e-05
6.225705146789550781e-05
6.552040576934814453e-05
6.604194641113281250e-05
6.417930126190185547e-05
6.560981273651123047e-05
6.574392318725585938e-05
6.471574306488037109e-05
7.008016109466552734e-05
7.298588752746582031e-05
7.297098636627197266e-05
7.127225399017333984e-05
7.256865501403808594e-05
7.462501525878906250e-05
7.736682891845703125e-05
8.261203765869140625e-05
8.317828178405761719e-05
8.483231067657470703e-05
8.836388587951660156e-05
9.171664714813232422e-05
9.161233901977539062e-05
9.575486183166503906e-05
9.751319885253906250e-05
9.700655937194824219e-05
1.002252101898193359e-04
1.006871461868286133e-04
1.012533903121948242e-04
1.056492328643798828e-04
1.033544540405273438e-04
1.037120819091796875e-04
1.064687967300415039e-04
1.075714826583862305e-04
1.100599765777587891e-04
1.107454299926757812e-04
1.059919595718383789e-04
1.040399074554443359e-04
1.061260700225830078e-04
1.060366630554199219e-04
1.040250062942504883e-04
1.056790351867675781e-04
1.054704189300537109e-04
1.051276922225952148e-04
1.066178083419799805e-04
1.076459884643554688e-04
1.113116741180419922e-04
1.115351915359497070e-04
1.111328601837158203e-04
1.129060983657836914e-04
1.188516616821289062e-04
1.202076673507690430e-04
1.217573881149291992e-04
1.227259635925292969e-04
1.244992017745971680e-04
1.312494277954101562e-04
1.282542943954467773e-04
1.279115676879882812e-04
1.303255558013916016e-04
1.329779624938964844e-04
1.359283924102783203e-04
1.393109560012817383e-04
1.411586999893188477e-04
1.399517059326171875e-04
1.452714204788208008e-04
1.474767923355102539e-04
1.506805419921875000e-04
1.527070999145507812e-04
1.536160707473754883e-04
1.588910818099975586e-04
1.662522554397583008e-04
1.674145460128784180e-04
1.665353775024414062e-04
1.742839813232421875e-04
1.777261495590209961e-04
1.799762248992919922e-04
1.783221960067749023e-04
1.794248819351196289e-04
1.817196607589721680e-04
1.791268587112426758e-04
1.742541790008544922e-04
1.750737428665161133e-04
1.778751611709594727e-04
1.798719167709350586e-04
1.802593469619750977e-04
1.812875270843505859e-04
1.835823059082031250e-04
1.852363348007202148e-04
1.855641603469848633e-04
1.859813928604125977e-04
1.890212297439575195e-04
1.908838748931884766e-04
1.929849386215209961e-04
1.917481422424316406e-04
1.898556947708129883e-04
1.900047063827514648e-04
1.929551362991333008e-04
1.993179321289062500e-04
2.058446407318115234e-04
2.091974020004272461e-04
2.130568027496337891e-04
2.204477787017822266e-04
2.244114875793457031e-04
2.280473709106445312e-04
2.306252717971801758e-04
2.333521842956542969e-04
2.360790967941284180e-04
2.387166023254394531e-04
2.418160438537597656e-04
2.438127994537353516e-04
2.484172582626342773e-04
2.463907003402709961e-04
2.479106187820434570e-04
2.500712871551513672e-04
2.533942461013793945e-04
2.584159374237060547e-04
2.627819776535034180e-04
2.669543027877807617e-04
2.709180116653442383e-04
2.732127904891967773e-04
2.744942903518676758e-04
2.797991037368774414e-04
2.795159816741943359e-04
2.821832895278930664e-04
2.813935279846191406e-04
2.848356962203979492e-04
2.886205911636352539e-04
2.910941839218139648e-04
2.974718809127807617e-04
3.045648336410522461e-04
3.086030483245849609e-04
3.100931644439697266e-04
3.108233213424682617e-04
3.122538328170776367e-04
3.142505884170532227e-04
3.114640712738037109e-04
3.112852573394775391e-04
3.120154142379760742e-04
3.124326467514038086e-04
3.161579370498657227e-04
3.205090761184692383e-04
3.290176391601562500e-04
3.296434879302978516e-04
3.281235694885253906e-04
3.308057785034179688e-04
3.346353769302368164e-04
3.320276737213134766e-04
3.337264060974121094e-04
3.341585397720336914e-04
3.369748592376708984e-04
3.411024808883666992e-04
3.418326377868652344e-04
3.422945737838745117e-04
3.445446491241455078e-04
3.424286842346191406e-04
3.482997417449951172e-04
3.518909215927124023e-04
3.551840782165527344e-04
3.553032875061035156e-04
3.565698862075805664e-04
3.603994846343994141e-04
3.626644611358642578e-04
3.657788038253784180e-04
3.652721643447875977e-04
3.643929958343505859e-04
3.684312105178833008e-04
3.661513328552246094e-04
3.729015588760375977e-04
3.774315118789672852e-04
3.809928894042968750e-04
3.814250230789184570e-04
3.849565982818603516e-04
3.875344991683959961e-04
3.876686096191406250e-04
3.904700279235839844e-04
3.896206617355346680e-04
3.899782896041870117e-04
3.905445337295532227e-04
3.966540098190307617e-04
3.974884748458862305e-04
4.041641950607299805e-04
4.092454910278320312e-04
4.097223281860351562e-04
4.142820835113525391e-04
4.144757986068725586e-04
4.143416881561279297e-04
4.134178161621093750e-04
4.123300313949584961e-04
4.082024097442626953e-04
4.095584154129028320e-04
4.105716943740844727e-04
4.107505083084106445e-04
4.096925258636474609e-04
4.092603921890258789e-04
4.108697175979614258e-04
4.142373800277709961e-04
4.145801067352294922e-04
4.174262285232543945e-04
4.215985536575317383e-04
4.241466522216796875e-04
4.293769598007202148e-04
4.305988550186157227e-04
4.314333200454711914e-04
4.339963197708129883e-04
4.374831914901733398e-04
4.372894763946533203e-04
4.384517669677734375e-04
4.402995109558105469e-04
4.429519176483154297e-04
4.490315914154052734e-04
4.504919052124023438e-04
4.536062479019165039e-04
4.560947418212890625e-04
4.576593637466430664e-04
4.587322473526000977e-04
4.596859216690063477e-04
4.608631134033203125e-04
4.597455263137817383e-04
4.620701074600219727e-04
4.632771015167236328e-04
4.657953977584838867e-04
4.651248455047607422e-04
4.647672176361083984e-04
4.669278860092163086e-04
4.680007696151733398e-04
4.699826240539550781e-04
4.734098911285400391e-04
4.762262105941772461e-04
4.774183034896850586e-04
4.808753728866577148e-04
4.856139421463012695e-04
4.889369010925292969e-04
4.891008138656616211e-04
4.927217960357666016e-04
4.944503307342529297e-04
4.981607198715209961e-04
5.008876323699951172e-04
5.021393299102783203e-04
5.008578300476074219e-04
5.011260509490966797e-04
5.020797252655029297e-04
5.042999982833862305e-04
5.046874284744262695e-04
5.089789628982543945e-04
5.090236663818359375e-04
5.125999450683593750e-04
5.133897066116333008e-04
5.156844854354858398e-04
5.168765783309936523e-04
5.174726247787475586e-04
5.222260951995849609e-04
5.237013101577758789e-04
5.260556936264038086e-04
5.311518907546997070e-04
5.317628383636474609e-04
5.320906639099121094e-04
5.355179309844970703e-04
5.395263433456420898e-04
5.435794591903686523e-04
5.460232496261596680e-04
5.467832088470458984e-04
5.463808774948120117e-04
5.492717027664184570e-04
5.518049001693725586e-04
5.602091550827026367e-04
5.583167076110839844e-04
5.597472190856933594e-04
5.596578121185302734e-04
5.620419979095458984e-04
5.635768175125122070e-04
5.674958229064941406e-04
5.696713924407958984e-04
5.732178688049316406e-04
5.744099617004394531e-04
5.732178688049316406e-04
5.741566419601440430e-04
5.792975425720214844e-04
5.852878093719482422e-04
5.855113267898559570e-04
5.887001752853393555e-04
5.940496921539306641e-04
5.968511104583740234e-04
5.998164415359497070e-04
6.012171506881713867e-04
6.019920110702514648e-04
6.066709756851196289e-04
6.087720394134521484e-04
6.109625101089477539e-04
6.133317947387695312e-04
6.144493818283081055e-04
6.178915500640869141e-04
6.198734045028686523e-04
6.245821714401245117e-04
6.251335144042968750e-04
6.285011768341064453e-04
6.275177001953125000e-04
6.280094385147094727e-04
6.325840950012207031e-04
6.320327520370483398e-04
6.354153156280517578e-04
6.362646818161010742e-04
6.363391876220703125e-04
6.380379199981689453e-04
6.437748670578002930e-04
6.463080644607543945e-04
6.498694419860839844e-04
6.525367498397827148e-04
6.531476974487304688e-04
6.574988365173339844e-04
6.577670574188232422e-04
6.548017263412475586e-04
6.520897150039672852e-04
6.524473428726196289e-04
6.535649299621582031e-04
6.550401449203491211e-04
6.580054759979248047e-04
6.587952375411987305e-04
6.573498249053955078e-04
6.558895111083984375e-04
6.606876850128173828e-04
6.670057773590087891e-04
